52287442334 270213 1/2/2014 3 1 1 834 87.57 921.57 MBR
2547329505 271176 1/2/2014 3 1 -5 -1428 749.7 -7889.7 TeleShop
32636903929 270875 1/2/2014 10 3 2 316 66.36 698.36 e-Shop
60097466271 273973 1/2/2014 7 5	-5 -859	450.975	-4745.975 Flagship store
11640587371 274653 1/2/2014 5 3	1 978 102.69 1080.69 e-Shop
1061032496 272607 1/2/2014 9 3	5 924 485.1 5105.1 MBR
13196430748 268847 1/2/2014 2 6	-5 -1444 758.1 -7978.1 MBR
23986203278 271986 1/2/2014 9 3	3 1128 355.32 3739.32 e-Shop
77992614666 267734 1/2/2014 4 2	4 1124 472.08 4968.08 e-Shop
95849732397 271328 1/2/2014 4 1	2 841 176.61 1858.61 MBR
82379417230 269090 1/2/2014 1 1	1 615 64.575 679.575 Flagship store
82547296361 267651 1/2/2014 2 6	5 737 386.925 4071.925 MBR
92368680425 273271 1/2/2014 10 6 4 775	325.5 3425.5 MBR
76021787833 269476 1/2/2014 4 1	2 418 87.78 923.78 e-Shop
99362089069 272675 1/2/2014 2 6	4 1168 490.56 5162.56 e-Shop
85730195332 271596 1/2/2014 9 3	4 549 230.58 2426.58 e-Shop
57179793302 274511 1/1/2014 5 3	1 290 30.45 320.45 Flagship store
40429129896 272598 1/1/2014 12 5 2 1149 241.29 2539.29 MBR
20457562627 267468 1/1/2014 3 5	2 663 139.23 1465.23 e-Shop
49436863184 271428 1/1/2014 11 6 1 548	57.54 605.54 MBR
789912743 274000 1/1/2014 10 5 2 295 61.95 651.95 e-Shop
53090811951 273659 1/1/2014 4 3	1 90	9.45 99.45 TeleShop
16531038014 273230 1/1/2014 1 1	-4 -505	212.1 -2232.1 MBR
18972312403 272462 1/1/2014 9 3	2 1014 212.94 2240.94 MBR
50332885654 270347 1/1/2014 6 5	5 1317 691.425 7276.425 e-Shop
47595213714 275159 1/1/2014 2 6	5 554 290.85 3060.85 e-Shop
35762428721 269020 1/1/2014 9 3	1 798 83.79 881.79 e-Shop
26412890125 269365 1/1/2014 3 1	1 167 17.535 184.535 TeleShop
28696753858 270695 1/1/2014 11 5 1 704 73.92 777.92 TeleShop
12736066714 274266 1/1/2014 10 6 3 1388 437.22 4601.22	MBR
14460826915 269348 1/1/2014 11 6 3 84 26.46 278.46 MBR
22308679379 267929 1/1/2014 10 5 3 653 205.695 2164.695 e-Shop
18104590837 267959 1/1/2014 12 6 -4 -787 330.54 -3478.54 MBR
32889219128 269536 1/1/2014 10 5 5 1423 747.075 7862.075 e-Shop
56243724107 273436 1/1/2014 1 1	2 329 69.09 727.09 TeleShop
15628060316 273879 1/1/2014 12 6 1 132 13.86 145.86 e-Shop
42711619809 271701 1/1/2014 1 2	5 336 176.4 1856.4 MBR
9835488096 273310 1/1/2014 11 5	3 177 55.755 586.755 TeleShop
45967608403 268894 1/1/2014 1 1	4 798 335.16 3527.16 e-Shop
99318505571 270706 1/1/2014 3 5	5 1161 609.525 6414.525 TeleShop
90157932848 269420 1/1/2014 12 6 2 858 180.18 1896.18 Flagship store
67088172893 271877 1/1/2014 1 1	1 902 94.71 996.71 e-Shop
69378805450 273472 1/1/2014 1 2	1 1242 130.41 1372.41 e-Shop
63635040022 268886 1/1/2014 3 2	5 652 342.3 3602.3 e-Shop
71241456072 268863 1/1/2014 3 5	2 462 97.02 1021.02 Flagship store
69368153122 273627 1/1/2014 7 5	3 311 97.965 1030.965 TeleShop
96680280518 267832 1/1/2014 1 4	5 1462 767.55 8077.55 e-Shop
